	[伪造、变造]居民身份证	[伪造、变造、买卖]国家机关[公文、证件、印章]	[制作、复制、出版、贩卖、传播]淫秽物品牟利	[制造、贩卖、传播]淫秽物品	[引诱、容留、介绍]卖淫	[持有、使用]假币	[掩饰、隐瞒][犯罪所得、犯罪所得收益]	[生产、销售][有毒、有害]食品	[生产、销售]不符合安全标准的食品	[生产、销售]伪劣产品	[生产、销售]假药	[窝藏、包庇]	[组织、强迫、引诱、容留、介绍]卖淫	[组织、领导]传销活动	[虚开增值税专用发票、用于骗取出口退税、抵扣税款发票]	[走私、贩卖、运输、制造]毒品	交通肇事	以危险方法危害公共安全	传播淫秽物品	伪造[公司、企业、事业单位、人民团体]印章	侵犯著作权	信用卡诈骗	假冒注册商标	单位行贿	危险驾驶	受贿	合同诈骗	失火	妨害信用卡管理	妨害公务	容留他人吸毒	寻衅滋事	开设赌场	强制[猥亵、侮辱]妇女	强奸	扰乱无线电通讯管理秩序	投放危险物质	抢劫	抢夺	拐卖[妇女、儿童]	拒不执行[判决、裁定]	拒不支付劳动报酬	招摇撞骗	持有伪造的发票	挪用公款	挪用资金	放火	故意伤害	故意杀人	故意毁坏财物	敲诈勒索	污染环境	滥伐林木	滥用职权	爆炸	猥亵儿童	玩忽职守	盗伐林木	盗掘[古文化遗址、古墓葬]	盗窃	破坏[广播电视设施、公用电信设施]	破坏生产经营	破坏电力设备	绑架	职务侵占	聚众斗殴	虚开发票	行贿	诈骗	贪污	赌博	走私普通[货物、物品]	过失致人死亡	过失致人重伤	重大劳动安全事故	重大责任事故	重婚	销售假冒注册商标的商品	集资诈骗	非国家工作人员受贿	非法[制造、买卖、运输、邮寄、储存][枪支、弹药、爆炸物]	非法[持有、私藏][枪支、弹药]	非法[收购、运输、加工、出售][国家重点保护植物、国家重点保护植物制品]	非法[猎捕、杀害][珍贵、濒危]野生动物	非法[转让、倒卖]土地使用权	非法[采伐、毁坏]国家重点保护植物	非法侵入住宅	非法占用农用地	非法吸收公众存款	非法处置[查封、扣押、冻结]的财产	非法拘禁	非法持有毒品	非法捕捞水产品	非法狩猎	非法种植毒品原植物	非法经营	非法行医	非法采矿	骗取[贷款、票据承兑、金融票证]	
[伪造、变造]居民身份证	57	25	0	0	0	0	0	0	0	0	0	0	0	0	0	2	0	0	0	10	0	0	0	1	0	0	0	0	3	0	0	0	0	0	0	0	0	0	0	0	0	0	1	0	0	0	0	0	0	0	0	0	0	0	0	0	0	0	0	1	0	0	0	0	0	1	0	0	1	0	0	0	0	0	0	0	0	0	0	0	0	0	0	0	0	0	0	0	0	0	0	0	0	0	0	0	0	0	0	
[伪造、变造、买卖]国家机关[公文、证件、印章]	18	331	0	0	0	0	0	0	0	0	0	0	0	0	0	1	0	0	0	56	0	2	0	1	0	2	19	0	2	0	0	0	0	0	0	1	0	0	0	0	0	0	3	0	0	0	0	0	0	0	0	0	0	0	0	0	0	0	0	0	0	0	0	0	0	0	0	0	8	0	0	0	0	0	0	1	3	0	0	0	0	0	1	0	0	0	0	0	2	0	0	0	0	0	0	4	1	0	0	
[制作、复制、出版、贩卖、传播]淫秽物品牟利	0	0	318	329	0	0	0	0	0	0	0	0	0	0	0	0	0	0	60	0	14	0	0	0	0	0	0	0	0	0	0	0	0	0	0	0	0	0	0	0	0	0	0	0	0	0	0	0	0	0	0	0	0	0	0	0	0	0	0	0	0	0	0	0	0	0	0	0	0	0	0	0	0	0	0	0	0	0	0	0	0	0	0	0	0	0	0	0	0	0	0	0	0	0	0	0	0	0	0	
[制造、贩卖、传播]淫秽物品	0	0	312	469	0	0	0	0	0	0	0	0	0	0	0	0	0	0	202	0	14	0	0	0	0	0	0	0	0	0	0	0	0	0	0	0	0	0	0	0	0	0	0	0	0	0	0	0	0	0	0	0	0	0	0	0	0	0	0	0	0	0	0	0	0	0	0	0	0	0	0	0	0	0	0	0	0	0	0	0	0	0	0	0	0	0	0	0	0	0	0	0	0	0	0	0	0	0	0	
[引诱、容留、介绍]卖淫	0	0	0	0	363	0	0	0	0	0	0	0	363	0	0	0	0	0	0	0	0	0	0	0	0	0	0	0	0	0	2	0	0	0	3	0	0	0	0	0	0	0	0	0	0	0	0	0	0	0	0	0	0	0	0	0	0	0	0	1	0	0	0	0	0	0	0	0	0	0	0	0	0	0	0	0	0	0	0	0	0	0	0	0	0	0	0	0	0	0	0	0	0	0	0	0	0	0	0	
[持有、使用]假币	0	0	0	0	0	58	0	0	0	0	0	0	0	0	0	0	0	0	0	0	0	0	0	0	0	0	0	0	0	0	0	0	0	0	0	0	0	0	0	0	0	0	0	0	0	0	0	0	0	0	0	0	0	0	0	0	0	0	0	0	0	0	0	0	0	0	0	0	0	0	0	0	0	0	0	0	0	0	0	0	0	0	0	0	0	0	0	0	0	0	0	0	0	0	0	1	0	0	0	
[掩饰、隐瞒][犯罪所得、犯罪所得收益]	0	0	0	0	0	0	265	0	0	0	0	1	0	0	0	0	0	0	0	0	0	13	0	0	0	0	19	0	6	0	3	0	0	0	0	0	0	8	1	0	0	0	3	0	0	0	0	0	0	0	1	0	0	0	0	0	0	1	0	57	0	0	2	0	7	0	0	0	16	0	0	0	0	0	0	0	0	1	0	0	1	0	0	0	0	0	0	0	0	0	0	0	0	0	0	4	0	0	0	
[生产、销售][有毒、有害]食品	0	0	0	0	0	0	0	347	3	1	4	0	0	0	0	0	0	0	0	0	0	0	0	0	0	0	0	0	0	0	0	0	0	0	0	0	0	0	0	0	0	0	0	0	0	0	0	0	0	0	0	0	0	0	0	0	0	0	0	1	0	0	0	0	0	0	0	0	0	0	0	0	0	0	0	0	0	0	0	0	0	0	0	0	0	0	0	0	0	0	0	0	0	0	0	0	0	0	0	
[生产、销售]不符合安全标准的食品	0	0	0	0	0	0	0	19	333	5	0	0	0	0	0	0	0	0	0	0	0	0	0	0	0	0	0	0	0	0	0	0	0	0	0	0	0	0	0	0	0	0	0	0	0	0	0	0	0	0	0	0	0	0	0	0	0	0	0	0	0	0	0	0	0	0	0	0	0	0	0	0	0	0	0	0	0	0	0	0	0	0	0	0	0	0	0	0	0	0	0	0	0	0	0	3	0	0	0	
[生产、销售]伪劣产品	0	0	0	0	0	0	1	0	3	148	0	0	0	0	0	0	0	0	0	1	0	0	4	0	0	0	0	0	0	0	0	0	0	0	0	0	0	0	0	0	0	0	0	0	0	0	0	0	0	0	0	0	0	0	0	0	0	0	0	0	0	0	0	0	0	0	0	0	0	0	0	0	0	0	0	0	0	9	0	0	0	0	0	0	0	0	0	0	0	0	0	0	0	0	0	39	0	0	0	
[生产、销售]假药	0	0	0	0	0	0	0	2	0	0	351	0	0	0	0	0	0	0	0	0	0	0	0	0	0	0	0	0	0	0	0	0	0	0	0	0	0	0	0	0	0	0	0	0	0	0	0	0	0	0	0	0	0	0	0	0	0	0	0	0	0	0	0	0	0	0	0	0	0	0	0	0	0	0	0	0	0	1	0	0	0	0	0	0	0	0	0	0	1	0	0	0	0	0	0	4	0	0	0	
[窝藏、包庇]	0	0	0	0	0	0	0	1	0	0	0	322	0	0	0	3	16	0	0	0	0	1	1	0	0	0	1	0	0	2	2	1	0	0	1	0	0	3	0	0	0	0	1	0	0	0	0	10	12	0	0	0	0	0	0	0	0	0	1	1	0	0	0	1	1	2	0	0	1	0	0	0	1	0	0	0	0	0	0	0	3	1	0	0	0	0	1	0	0	0	0	1	0	0	0	0	0	0	1	
[组织、强迫、引诱、容留、介绍]卖淫	0	0	0	0	363	0	0	0	0	0	0	0	363	0	0	0	0	0	0	0	0	0	0	0	0	0	0	0	0	0	2	0	0	0	3	0	0	0	0	0	0	0	0	0	0	0	0	0	0	0	0	0	0	0	0	0	0	0	0	1	0	0	0	0	0	0	0	0	0	0	0	0	0	0	0	0	0	0	0	0	0	0	0	0	0	0	0	0	0	0	0	0	0	0	0	0	0	0	0	
[组织、领导]传销活动	0	0	0	0	0	0	0	0	0	0	0	0	0	58	0	0	0	0	0	0	0	0	0	0	0	0	0	0	0	0	0	0	0	0	0	0	0	0	0	0	0	0	0	0	0	0	0	0	0	0	0	0	0	0	0	0	0	0	0	0	0	0	0	0	0	0	0	0	0	0	0	0	0	0	0	0	0	0	0	0	0	0	0	0	0	0	0	0	1	0	1	0	0	0	0	1	0	0	0	
[虚开增值税专用发票、用于骗取出口退税、抵扣税款发票]	0	0	0	0	0	0	0	0	0	0	0	0	0	0	374	0	0	0	0	0	0	0	1	1	0	0	1	0	0	0	0	0	0	0	0	0	0	0	0	0	0	0	0	0	0	0	0	0	0	0	0	0	0	0	0	0	0	0	0	0	0	0	0	0	0	0	0	0	0	0	0	0	0	0	0	0	0	0	0	0	0	0	0	0	0	0	0	0	0	0	0	0	0	0	0	0	0	0	0	
[走私、贩卖、运输、制造]毒品	0	0	0	0	0	0	0	0	0	0	0	0	0	0	0	1613	0	0	0	0	0	0	0	0	0	0	0	0	0	0	32	0	0	0	0	0	0	0	0	0	0	0	0	0	0	0	0	0	0	0	0	0	0	0	0	0	0	0	0	1	0	0	0	0	0	1	0	0	0	0	0	1	0	0	0	0	0	0	0	0	0	1	0	0	0	0	0	0	0	0	0	138	0	0	0	1	0	0	0	
交通肇事	0	0	0	0	0	0	1	0	0	1	0	2	0	0	0	1	419	0	0	0	0	1	0	0	10	0	0	1	0	1	0	0	1	0	0	0	0	0	0	0	1	0	0	1	0	0	0	2	0	1	0	0	0	0	0	0	0	0	0	0	0	0	0	0	0	0	1	0	0	0	0	0	51	6	0	1	0	0	0	0	0	0	0	0	0	0	0	0	0	1	0	0	0	0	0	1	0	0	1	
以危险方法危害公共安全	0	0	0	0	0	0	0	0	0	0	0	3	0	0	0	0	9	97	0	0	0	0	0	0	17	0	0	0	0	2	0	3	0	0	0	0	0	2	0	0	0	0	0	0	0	1	6	7	4	3	1	0	0	0	2	0	0	0	0	1	0	0	0	0	0	0	0	0	0	0	0	0	5	3	0	0	0	0	0	0	0	0	0	0	0	0	0	0	0	0	0	0	0	2	0	0	0	0	0	
传播淫秽物品	0	0	55	210	0	0	0	0	0	0	0	0	0	0	0	0	0	0	197	0	0	0	0	0	0	0	0	0	0	0	0	0	0	0	0	0	0	0	0	0	0	0	0	0	0	0	0	0	0	0	0	0	0	0	0	0	0	0	0	0	0	0	0	0	0	0	0	0	0	0	0	0	0	0	0	0	0	0	0	0	0	0	0	0	0	0	0	0	0	0	0	0	0	0	0	0	0	0	0	
伪造[公司、企业、事业单位、人民团体]印章	3	39	0	0	0	0	0	0	0	1	0	0	0	0	0	0	0	0	0	332	0	0	0	0	0	0	16	0	0	0	0	0	0	0	0	0	0	0	0	0	0	3	0	0	0	1	0	0	0	0	0	0	0	0	0	0	0	0	0	0	0	0	0	0	1	0	0	0	2	0	0	0	0	0	0	2	0	0	0	1	0	0	0	0	0	0	0	0	1	0	0	0	0	0	0	3	0	0	1	
侵犯著作权	0	0	18	18	0	0	0	0	0	0	0	0	0	0	0	0	0	0	0	0	74	0	0	0	0	0	0	0	0	0	0	0	0	0	0	0	0	0	0	0	0	0	0	0	0	0	0	0	0	0	0	0	0	0	0	0	0	0	0	0	0	0	0	0	0	0	0	0	0	0	0	0	0	0	0	0	0	0	0	0	0	0	0	0	0	0	0	0	0	1	0	0	0	0	0	8	0	0	0	
信用卡诈骗	0	0	0	0	0	0	0	0	0	0	0	0	0	0	0	0	0	0	0	0	0	345	0	0	0	0	20	0	5	0	0	0	0	0	0	0	0	1	0	0	0	0	0	0	0	0	0	0	0	0	0	0	0	0	0	0	0	0	0	34	0	0	0	0	1	0	0	0	21	0	0	0	0	0	0	0	0	0	0	0	0	0	0	0	0	0	0	0	0	0	0	0	0	0	0	0	0	0	0	
假冒注册商标	0	1	0	0	0	0	0	1	0	9	0	0	0	0	0	0	0	0	0	0	0	0	340	0	0	0	1	0	0	0	0	0	0	0	0	0	0	0	0	0	0	0	0	0	0	0	0	0	0	0	0	0	0	0	0	0	0	0	0	0	0	0	0	0	0	0	0	0	0	0	0	0	0	0	0	0	0	26	0	0	0	0	0	0	0	0	0	0	0	0	0	0	0	0	0	4	0	0	0	
单位行贿	0	0	0	0	0	0	0	0	0	0	0	0	0	0	0	0	0	0	0	0	0	0	0	153	0	3	1	0	0	0	0	0	0	0	0	0	0	0	0	0	0	1	0	0	0	0	0	0	0	0	0	0	0	0	0	0	0	0	0	0	0	0	0	0	0	0	0	31	0	0	0	0	0	0	0	0	0	0	0	6	0	0	0	0	0	0	0	0	0	0	0	0	0	0	0	0	0	1	1	
危险驾驶	0	0	0	0	0	0	0	0	0	0	0	2	0	0	1	0	12	0	0	0	0	0	0	0	517	0	0	0	0	2	0	0	0	1	0	0	0	3	0	0	0	0	0	0	0	0	0	3	0	0	0	0	0	0	0	0	0	0	0	1	0	0	0	0	0	0	0	0	0	0	0	0	1	0	0	0	0	0	0	0	0	0	0	0	0	0	0	0	0	0	0	0	0	0	0	2	0	0	0	
受贿	0	0	0	0	0	0	0	0	0	0	1	0	0	0	1	2	0	0	0	0	0	0	0	7	0	498	0	0	0	0	0	0	0	0	0	0	0	0	0	0	0	0	0	0	5	0	0	0	0	0	1	0	0	32	0	0	18	0	0	0	0	0	0	0	1	0	0	32	1	49	0	0	0	0	0	1	0	0	0	66	0	1	0	0	0	0	0	0	0	0	0	0	0	0	0	0	0	0	0	
合同诈骗	0	8	0	0	0	0	2	0	0	0	0	0	0	0	2	0	0	0	0	6	0	7	0	0	0	0	379	0	0	0	0	0	0	0	0	0	0	0	0	0	1	2	0	0	0	1	0	0	0	0	0	0	0	0	0	0	0	1	0	1	0	0	0	0	9	0	1	1	65	0	0	0	0	0	0	0	1	0	1	0	0	0	0	0	3	0	0	0	0	1	0	0	0	0	0	1	0	0	2	
失火	0	0	0	0	0	0	0	0	0	0	0	0	0	0	0	0	0	0	0	0	0	0	0	0	0	0	0	351	0	0	0	0	0	0	0	0	0	0	0	0	0	0	0	0	0	0	2	0	0	1	0	0	0	0	0	0	0	0	0	0	0	0	0	0	0	0	0	0	0	0	0	0	0	0	0	0	0	0	0	0	0	0	0	0	0	0	0	0	0	0	0	0	0	0	0	0	0	0	0	
妨害信用卡管理	0	0	0	0	0	0	0	0	0	0	0	0	0	0	0	0	0	0	0	0	0	16	0	0	0	0	0	0	145	0	0	0	0	0	0	0	0	0	0	0	0	0	0	0	0	0	0	0	0	0	0	0	0	0	0	0	0	0	0	0	0	0	0	0	0	0	0	0	1	0	0	0	0	0	0	0	0	0	0	0	0	0	0	0	0	0	0	0	0	0	0	0	0	0	0	1	0	0	0	
妨害公务	0	0	0	0	0	0	0	0	0	0	0	0	0	0	0	3	0	6	0	0	0	0	0	0	1	0	0	0	0	324	0	32	1	0	0	0	0	2	0	0	1	0	2	0	0	0	2	17	0	2	0	0	0	0	0	0	0	0	0	0	0	0	0	0	0	0	0	0	1	0	0	0	0	0	0	0	0	0	0	0	0	1	0	0	0	0	1	0	0	0	1	0	0	0	0	3	0	2	0	
容留他人吸毒	0	0	0	0	1	0	2	0	0	0	0	0	1	0	0	91	0	0	0	0	0	0	0	0	0	0	0	0	0	0	282	0	1	0	0	0	0	6	0	0	0	0	0	0	0	0	0	3	0	0	1	0	0	0	0	0	0	0	0	0	0	0	0	0	0	0	0	0	0	0	1	0	0	0	0	0	0	0	0	0	1	2	0	0	0	0	0	0	1	0	4	26	0	0	0	0	0	0	0	
寻衅滋事	0	0	0	0	0	0	1	0	0	0	0	0	0	0	0	0	1	9	0	0	0	0	0	0	0	0	3	0	0	20	0	324	3	0	1	0	0	6	2	0	0	0	0	0	0	0	0	221	4	22	15	0	0	0	2	0	0	0	0	4	0	0	0	0	0	19	0	0	0	0	1	0	4	5	0	0	0	0	0	0	0	2	0	0	0	0	9	0	0	0	3	0	0	0	0	0	1	0	0	
开设赌场	0	0	0	0	0	0	0	0	0	0	0	0	0	0	0	1	0	0	0	1	0	1	0	0	0	0	0	0	0	0	1	2	375	0	0	0	0	1	0	0	0	0	0	0	0	0	0	2	0	1	1	0	0	1	0	0	0	0	0	1	0	0	0	0	0	1	0	0	0	0	81	0	0	1	0	0	0	0	0	0	0	0	0	0	0	0	0	0	0	0	1	0	0	0	0	11	0	0	0	
强制[猥亵、侮辱]妇女	0	0	0	0	0	0	0	0	0	0	0	0	0	0	0	0	0	0	0	0	0	0	0	0	1	0	0	0	0	0	0	1	0	58	12	0	0	12	2	0	0	0	0	0	0	0	0	0	1	0	0	0	0	0	0	8	0	0	0	2	0	0	0	0	0	0	0	0	0	0	0	0	0	0	0	0	0	0	0	0	0	0	0	0	0	0	2	0	0	0	0	0	0	0	0	0	0	0	0	
强奸	0	0	0	0	0	0	0	0	0	0	0	0	0	0	0	0	0	0	0	0	0	0	0	0	0	0	0	0	0	0	0	1	0	6	366	0	0	4	0	1	0	0	0	0	0	0	0	1	4	0	1	0	0	0	0	7	0	0	0	1	0	0	0	0	0	0	0	0	1	0	0	0	0	0	0	0	3	0	0	0	0	0	0	0	0	0	9	0	0	0	2	0	0	0	0	0	0	0	0	
扰乱无线电通讯管理秩序	0	0	0	0	0	0	0	0	0	0	0	0	0	0	0	0	0	0	0	0	0	0	0	0	0	0	0	0	0	0	0	0	0	0	0	36	0	0	0	0	0	0	0	0	0	0	0	0	0	0	0	0	0	0	0	0	0	0	0	0	28	0	0	0	0	0	0	0	0	0	0	0	0	0	0	0	0	0	0	0	0	0	0	0	0	0	0	0	0	0	0	0	0	0	0	0	0	0	0	
投放危险物质	0	0	0	0	0	0	0	1	0	0	0	0	0	0	0	0	0	0	0	0	0	0	0	0	0	0	0	0	0	0	0	0	0	0	0	0	47	0	0	0	0	0	0	0	0	0	0	0	9	0	0	2	0	0	0	0	0	0	0	0	0	1	0	0	0	0	0	0	0	0	0	0	0	0	0	0	0	0	0	0	0	0	0	0	0	0	0	0	0	0	0	0	0	0	0	0	0	0	0	
抢劫	0	0	0	0	1	1	12	0	0	0	0	0	1	1	0	2	0	0	0	0	0	2	0	0	0	0	0	0	0	10	4	1	1	13	6	0	0	666	84	0	0	0	3	0	0	0	1	8	7	0	18	0	0	0	0	0	0	0	0	171	0	0	0	4	2	0	0	0	3	0	0	0	1	0	0	0	0	0	0	0	1	8	0	0	0	0	10	0	0	0	6	1	0	0	0	0	0	0	0	
抢夺	0	0	0	0	0	0	4	0	0	0	0	0	0	0	0	0	0	0	0	0	0	0	0	0	0	0	1	0	0	0	0	1	0	0	0	0	0	55	215	0	0	0	0	0	0	0	0	1	1	0	1	0	0	0	0	0	0	0	0	50	0	0	0	0	0	0	0	0	9	0	0	0	0	0	0	0	0	0	0	0	0	0	0	0	0	0	0	0	0	0	0	0	0	0	0	0	0	0	0	
拐卖[妇女、儿童]	0	0	0	0	1	0	1	0	0	0	0	0	1	0	0	0	0	0	0	0	0	0	0	0	0	0	0	0	0	0	0	0	0	0	0	0	0	0	0	106	0	0	0	0	0	0	0	0	1	0	0	0	0	0	0	0	0	0	0	0	0	0	0	1	0	0	0	0	1	0	0	0	0	0	0	0	0	0	0	0	0	0	0	0	0	0	0	0	0	0	0	0	0	0	0	0	0	0	0	
拒不执行[判决、裁定]	0	0	0	0	0	0	0	0	0	1	0	0	0	0	0	0	0	0	0	0	0	0	0	0	0	0	2	0	0	0	0	0	0	0	0	0	0	0	0	0	344	1	0	0	0	0	0	0	0	0	0	0	0	0	0	0	0	0	0	0	0	0	0	0	0	0	0	0	0	0	0	0	0	0	0	0	0	0	0	0	0	0	0	0	0	0	0	0	0	8	0	0	0	0	0	0	0	0	3	
拒不支付劳动报酬	0	0	0	0	0	0	0	0	0	0	0	0	0	0	0	0	0	0	0	1	0	0	0	0	0	0	1	0	0	0	0	0	0	0	0	0	0	0	0	0	1	353	0	0	0	0	0	0	0	0	0	0	0	0	0	0	0	0	0	0	0	0	0	0	0	0	0	0	0	0	0	0	0	0	0	2	0	0	0	0	0	0	0	0	0	0	0	0	0	2	0	0	0	0	0	0	0	0	0	
招摇撞骗	1	4	0	0	0	0	0	0	0	0	0	0	0	0	0	1	0	0	0	0	0	0	0	0	0	0	4	0	0	2	0	0	1	0	0	0	0	0	0	0	0	0	150	0	0	0	0	0	0	0	3	0	0	1	0	0	0	0	0	2	0	0	0	1	2	0	0	0	29	0	0	0	0	0	0	0	1	0	0	0	0	0	0	0	0	0	0	0	0	0	0	0	0	0	0	0	0	0	0	
持有伪造的发票	0	2	0	0	0	0	0	0	0	0	0	0	0	0	0	0	0	0	0	1	0	0	0	0	0	0	0	0	0	0	0	0	0	0	0	0	0	0	0	0	0	0	0	73	0	0	0	0	0	0	0	0	0	0	0	0	0	0	0	0	0	0	0	0	0	0	9	0	0	0	0	0	0	0	0	0	0	0	0	0	0	0	0	0	0	0	0	0	0	0	0	0	0	0	0	0	0	0	0	
挪用公款	0	0	0	0	0	0	0	0	0	0	0	0	0	0	0	0	0	0	0	0	0	0	0	1	0	8	0	0	0	0	0	0	0	0	0	0	0	0	0	0	1	0	0	0	298	16	0	0	0	0	0	0	0	3	0	0	2	0	0	0	0	0	0	0	2	0	0	1	0	19	0	0	0	0	0	0	0	0	1	1	0	1	0	0	0	0	0	0	0	0	0	0	0	0	0	0	0	0	0	
挪用资金	0	0	0	0	0	0	0	0	0	0	0	0	0	0	0	0	0	0	0	1	0	0	0	0	0	1	6	0	0	0	0	0	0	0	0	0	0	0	0	0	0	0	0	0	30	274	0	0	0	0	1	0	0	1	0	0	1	0	0	0	0	0	0	0	29	0	0	1	2	0	0	0	0	0	0	0	0	0	0	2	0	0	0	0	0	0	0	0	0	0	0	0	0	0	0	1	0	0	7	
放火	0	0	0	0	0	0	0	0	0	0	0	0	0	0	0	0	0	6	0	0	0	0	0	0	1	0	0	7	0	3	0	0	0	0	0	0	0	1	0	0	0	0	0	0	0	0	326	1	14	5	1	0	0	0	0	0	0	0	0	3	0	0	0	0	0	0	0	0	0	0	0	0	0	0	0	0	0	0	0	0	0	0	0	0	0	0	3	0	0	0	0	0	0	0	0	0	0	0	0	
故意伤害	0	0	0	0	0	0	1	0	0	0	0	2	0	0	0	1	0	2	0	0	0	0	0	0	3	0	0	0	0	2	0	23	1	0	0	0	0	6	0	0	0	1	0	0	0	0	2	1050	51	5	1	0	0	0	0	0	0	0	0	8	0	0	0	0	0	11	0	0	1	0	0	0	7	29	0	0	1	0	0	0	0	5	0	0	0	0	6	0	0	0	3	0	0	0	0	0	0	0	0	
故意杀人	0	0	0	0	0	0	0	0	0	0	0	1	0	0	0	0	0	2	0	0	0	0	0	0	0	0	0	0	0	1	0	1	0	0	0	0	7	1	0	0	0	0	0	0	0	0	5	41	356	0	0	0	0	0	0	0	0	0	0	1	0	0	0	0	0	3	0	0	1	0	0	0	7	4	0	0	0	0	0	0	0	5	0	0	0	0	1	0	0	0	0	0	0	0	0	0	0	0	0	
故意毁坏财物	0	0	0	0	0	0	2	0	0	0	0	0	0	0	0	1	0	8	0	0	0	0	0	0	0	0	0	0	0	4	1	45	0	0	0	0	0	3	0	0	0	0	0	0	0	0	15	2	0	264	2	0	0	0	0	0	0	1	0	23	1	12	6	0	0	4	0	0	0	0	0	0	1	0	0	0	0	0	0	0	0	2	0	0	0	0	8	2	0	0	0	0	0	0	0	0	0	0	0	
敲诈勒索	0	0	0	0	0	0	0	0	0	0	0	0	0	0	0	2	0	2	0	1	0	2	0	0	1	1	3	0	0	0	1	11	2	0	3	0	0	33	1	0	0	0	7	0	0	0	1	2	0	1	269	0	0	1	0	0	0	1	0	9	0	4	0	8	0	0	0	0	3	1	0	0	1	0	0	0	0	0	0	3	0	4	0	0	0	0	1	0	0	0	12	0	0	0	0	1	0	0	0	
污染环境	0	0	0	0	0	0	0	0	0	0	0	1	0	0	0	0	0	0	0	0	0	0	0	0	0	0	0	0	0	0	0	0	0	0	0	0	0	0	0	0	0	0	0	0	0	0	0	0	0	0	0	355	0	0	0	0	0	0	0	0	0	0	0	0	0	0	0	0	0	0	0	0	0	0	0	0	0	0	0	0	0	0	0	0	0	0	0	0	0	0	0	0	0	0	0	1	0	0	0	
滥伐林木	0	0	0	0	0	0	0	0	0	0	0	0	0	0	0	0	0	0	0	0	0	0	0	0	0	0	1	1	0	0	0	0	0	0	0	0	0	0	0	0	0	0	0	0	0	0	0	0	0	1	0	0	355	0	0	0	1	18	0	0	0	1	0	0	0	0	0	0	0	0	0	0	0	0	0	0	0	0	0	0	0	0	1	0	0	0	0	6	0	0	0	0	0	0	0	0	0	0	0	
滥用职权	0	1	0	0	0	0	0	0	0	0	0	0	0	0	1	2	1	0	0	2	0	0	0	2	0	54	1	0	0	0	0	0	0	0	0	0	0	0	0	0	1	0	0	0	3	1	0	0	1	0	0	0	0	225	0	0	57	0	0	0	0	0	0	0	1	0	0	7	1	20	0	0	0	0	0	2	0	0	0	0	0	0	0	1	0	0	0	1	0	0	0	0	0	0	0	0	0	0	0	
爆炸	0	0	0	0	0	0	0	0	0	0	0	0	0	0	0	0	1	5	0	0	0	0	0	0	0	0	0	0	0	0	1	0	0	0	0	0	0	1	0	0	0	0	0	0	0	0	9	0	3	1	1	0	0	0	22	0	0	0	0	1	0	0	0	0	0	0	0	0	0	0	0	0	0	0	0	0	0	0	0	0	9	0	0	0	0	0	0	1	0	0	0	0	0	0	0	0	0	0	0	
猥亵儿童	0	0	0	0	0	0	0	0	0	0	0	0	0	0	0	0	0	0	0	0	0	0	0	0	0	0	0	0	0	0	0	0	0	19	14	0	0	0	0	0	0	0	0	0	0	0	0	0	0	0	0	0	0	0	0	125	0	0	0	1	0	0	0	0	0	0	0	0	0	0	0	0	0	0	0	0	0	0	0	0	0	0	0	0	0	0	0	0	0	0	0	0	0	0	0	0	0	0	0	
玩忽职守	0	1	0	0	0	0	0	1	0	0	0	0	0	0	0	1	0	0	0	0	0	0	0	0	0	12	1	1	0	0	0	0	0	0	0	0	0	0	0	0	0	0	0	0	3	2	0	0	0	0	0	0	3	23	0	0	312	0	0	0	0	0	0	0	0	0	0	1	1	5	0	0	0	0	2	9	0	0	0	0	0	0	0	0	0	1	0	2	3	0	0	0	0	0	0	0	0	1	0	
盗伐林木	0	0	0	0	0	0	0	0	0	0	0	0	0	0	0	0	0	0	0	0	0	0	0	0	0	0	0	0	0	0	0	0	0	0	0	0	0	1	0	0	0	0	0	0	0	0	0	1	0	0	0	0	23	0	0	0	0	301	0	2	0	0	0	0	0	1	0	0	0	0	0	0	0	0	0	0	0	0	0	0	0	0	0	0	0	9	0	0	0	0	1	0	0	0	0	0	0	0	0	
盗掘[古文化遗址、古墓葬]	0	0	0	0	0	0	0	0	0	0	0	0	0	0	0	0	0	0	0	0	0	0	0	0	0	0	0	0	0	0	0	0	0	0	0	0	0	0	0	0	0	0	0	0	0	0	0	0	0	0	0	0	0	0	0	0	0	0	54	0	0	0	0	0	0	0	0	0	0	0	0	0	0	0	0	0	0	0	0	0	0	0	0	0	0	0	0	0	0	0	0	0	0	0	0	0	0	0	0	
盗窃	1	1	0	0	0	3	93	0	1	0	1	0	0	0	0	1	0	0	0	0	0	4	2	0	1	0	1	0	0	0	0	0	0	0	1	0	0	63	167	0	1	0	0	0	1	0	2	2	1	6	1	0	0	0	0	1	0	3	0	1717	1	1	9	1	4	1	0	0	9	1	0	0	0	0	0	0	0	0	0	0	0	0	0	0	0	0	65	0	0	0	0	1	0	0	0	0	0	0	0	
破坏[广播电视设施、公用电信设施]	0	0	0	0	0	0	0	0	0	0	0	0	0	0	0	0	0	0	0	0	0	0	0	0	0	0	0	0	0	0	1	0	0	0	0	8	0	0	0	0	0	0	0	0	0	0	0	0	0	0	1	0	0	0	0	0	0	0	0	3	95	0	3	0	0	0	0	0	0	0	0	0	0	0	0	0	0	0	0	0	0	0	0	0	0	0	0	0	0	0	0	0	0	0	0	0	0	0	0	
破坏生产经营	0	0	0	0	0	0	0	0	0	1	0	0	0	0	0	0	0	0	0	0	0	0	0	0	0	0	0	1	0	1	1	1	0	0	0	0	2	0	0	0	0	0	0	0	0	0	2	0	0	7	1	0	0	0	0	0	1	0	0	1	0	87	0	0	0	0	0	0	0	0	0	0	0	0	1	0	0	0	0	0	0	0	0	0	0	0	0	3	0	0	0	0	0	0	0	0	0	0	0	
破坏电力设备	0	0	0	0	0	0	2	0	0	0	0	0	0	0	0	0	0	1	0	0	0	0	0	0	0	0	0	0	0	0	0	1	0	0	0	0	0	0	0	0	0	0	0	0	0	0	1	0	0	0	0	0	0	0	0	0	0	0	0	17	1	4	89	0	0	0	0	0	0	0	0	0	0	0	0	0	0	0	0	0	0	0	0	0	0	0	0	0	0	0	0	0	0	0	0	0	0	0	0	
绑架	0	0	0	0	0	0	0	0	0	0	0	1	0	0	0	0	0	0	0	0	0	0	0	0	0	0	0	0	0	0	0	0	0	0	1	0	0	11	0	1	0	0	2	0	0	0	0	0	8	0	13	0	0	0	0	0	0	0	0	0	0	0	0	76	0	0	0	0	0	0	0	0	1	0	0	0	0	0	0	0	0	0	0	0	0	0	1	0	0	0	8	0	0	0	0	0	0	0	0	
职务侵占	0	0	0	0	0	0	5	0	0	1	0	0	0	0	2	0	0	0	0	0	0	3	1	1	0	0	21	0	0	0	0	0	0	0	1	0	0	1	0	0	0	0	0	0	2	14	0	0	0	0	0	0	0	0	0	0	2	0	0	23	0	0	0	0	280	0	0	0	8	18	0	0	0	0	0	0	0	0	0	9	0	0	0	0	0	0	0	0	0	0	0	0	0	0	0	0	0	0	0	
聚众斗殴	0	0	0	0	0	0	1	0	0	0	0	1	0	0	0	2	0	0	0	0	0	0	0	0	0	0	0	0	0	1	1	32	2	0	0	0	0	4	0	0	0	0	0	0	0	0	0	73	7	4	0	0	0	0	0	0	0	0	0	2	0	1	0	0	0	272	0	0	0	0	2	0	0	1	0	0	0	0	0	0	0	2	0	0	0	0	1	0	0	0	1	1	0	0	0	0	0	1	0	
虚开发票	0	0	0	0	0	0	0	0	0	0	0	0	0	0	2	0	0	0	0	0	0	0	0	0	0	0	0	0	0	0	0	0	0	0	0	0	0	0	0	0	0	0	0	2	0	0	0	0	0	0	0	0	0	0	0	0	0	0	0	0	0	0	0	0	1	0	99	2	0	1	0	0	0	0	0	0	0	0	0	0	0	0	0	0	0	0	0	0	1	0	0	0	0	0	0	0	0	0	0	
行贿	0	2	0	0	0	0	0	0	0	0	0	0	0	0	1	0	0	0	0	1	0	0	0	17	0	22	2	0	0	0	0	0	0	0	0	0	0	0	0	0	0	0	0	0	2	0	0	0	0	0	0	0	0	2	0	0	2	0	0	0	0	0	0	0	0	0	1	302	1	8	0	0	0	0	0	0	0	0	0	10	1	0	0	0	0	0	0	0	0	0	0	0	0	0	0	2	0	0	0	
诈骗	0	6	0	0	0	2	1	0	0	0	0	1	0	0	0	0	0	0	0	7	0	18	0	0	0	2	68	0	3	0	0	0	0	0	0	1	0	1	7	1	0	0	11	0	1	1	0	0	0	0	4	0	0	1	0	0	0	0	0	9	0	0	0	0	10	0	0	0	511	12	0	0	0	0	0	0	3	0	1	0	0	0	0	0	1	0	0	0	1	0	0	0	0	0	0	0	0	1	1	
贪污	0	0	0	0	0	0	0	0	0	0	0	0	0	0	0	1	0	0	0	0	0	0	0	0	0	55	1	0	0	0	0	0	0	0	0	0	0	0	0	0	0	0	0	0	38	0	0	0	0	0	0	0	0	7	0	0	5	0	0	0	0	0	1	0	22	0	3	4	4	334	0	0	0	0	0	0	0	0	0	5	0	0	0	0	1	0	0	1	0	0	0	0	0	0	0	0	0	0	1	
赌博	0	0	0	0	0	0	0	0	0	0	0	1	0	0	0	0	0	0	0	0	0	0	0	0	1	0	0	0	0	0	2	0	63	0	0	0	0	1	0	0	0	0	0	0	0	0	0	1	0	0	1	0	0	0	0	0	0	0	0	0	0	0	0	0	0	0	0	0	0	0	261	0	0	0	0	0	0	0	0	0	0	0	0	0	0	0	0	0	0	0	1	0	0	0	0	20	0	0	1	
走私普通[货物、物品]	0	0	0	0	0	0	0	0	0	0	0	0	0	0	0	0	0	0	0	0	0	0	0	0	0	0	0	0	0	0	0	0	0	0	0	0	0	0	0	0	0	0	0	0	0	0	0	0	0	0	0	0	0	0	0	0	0	0	0	0	0	0	0	0	0	0	0	0	0	0	0	141	0	0	0	0	0	0	0	0	0	0	0	0	0	0	0	0	0	0	0	0	0	0	0	2	0	0	0	
过失致人死亡	0	0	0	0	0	0	0	0	0	0	0	0	0	0	0	1	49	2	0	0	0	0	0	0	0	0	0	0	0	1	0	0	0	0	0	0	0	1	0	0	0	0	0	0	0	0	0	8	21	0	0	0	0	0	0	0	0	0	0	0	0	0	0	0	0	0	0	0	0	0	0	0	240	0	0	7	0	0	0	0	1	4	0	0	0	0	1	0	0	0	0	0	0	0	0	0	0	0	0	
过失致人重伤	0	0	0	0	0	0	0	0	0	0	0	0	0	0	0	0	13	0	0	0	0	0	0	0	3	0	0	0	0	1	0	1	0	0	0	0	0	1	0	0	0	0	0	0	0	0	2	24	2	0	0	0	0	0	1	0	0	0	0	0	0	0	0	0	0	0	0	0	0	0	0	0	6	127	0	1	0	0	0	0	2	3	0	0	0	0	0	0	0	0	0	0	0	0	0	0	0	0	0	
重大劳动安全事故	0	0	0	0	0	0	0	0	0	0	0	0	0	0	0	0	0	0	0	0	0	0	0	0	0	0	0	0	0	0	0	0	0	0	0	0	0	0	0	0	0	0	0	0	0	0	0	0	0	0	0	0	0	0	0	0	0	0	0	0	0	0	0	0	0	0	0	0	0	0	0	0	2	0	32	37	0	0	0	0	0	0	0	0	0	0	0	0	0	0	0	0	0	0	0	0	0	0	0	
重大责任事故	0	0	0	0	0	0	0	0	0	0	0	1	0	0	0	0	5	0	0	2	0	0	0	0	0	0	0	4	0	0	1	0	0	0	0	0	0	0	0	0	0	0	0	0	0	0	0	0	0	0	0	1	0	0	0	0	2	0	0	0	0	0	0	0	0	0	0	0	0	0	0	0	40	0	20	287	0	0	0	0	0	0	0	0	0	0	0	0	0	0	0	0	0	0	0	0	0	1	0	
重婚	0	0	0	0	0	0	0	0	0	0	0	0	0	0	0	0	0	0	0	0	0	0	0	0	0	0	0	0	0	0	0	0	0	0	0	0	0	0	0	1	1	0	0	0	0	0	0	0	0	0	0	0	0	0	0	0	0	0	0	0	0	0	0	0	0	0	0	0	0	0	0	0	0	0	0	0	96	0	0	0	0	0	0	0	0	0	0	0	0	0	0	0	0	0	0	0	0	0	0	
销售假冒注册商标的商品	0	0	0	0	0	0	0	0	0	9	1	0	0	0	0	0	0	0	0	0	0	0	22	0	0	0	0	0	0	0	0	0	0	0	0	0	0	0	0	0	0	0	0	0	0	0	0	0	0	0	0	0	0	0	0	0	0	0	0	0	0	0	0	0	1	0	0	0	0	0	0	0	0	0	0	0	0	328	0	0	0	0	0	0	0	0	0	0	0	0	0	0	0	0	0	3	0	0	0	
集资诈骗	0	0	0	0	0	0	1	0	0	0	0	0	0	0	0	0	0	0	1	1	0	1	0	0	0	0	13	0	0	0	0	0	0	0	0	0	0	0	0	0	0	0	0	0	0	0	0	0	0	0	0	0	0	0	0	0	0	0	0	0	0	0	0	0	0	0	0	0	6	0	0	0	0	0	0	0	0	0	83	0	0	0	0	0	0	0	0	0	34	0	0	0	0	0	0	2	0	0	0	
非国家工作人员受贿	0	0	0	0	0	0	0	0	0	0	0	0	0	0	0	0	0	0	0	0	0	1	0	4	0	49	1	0	0	0	0	0	0	0	0	0	0	0	0	0	0	0	0	0	1	0	0	0	0	0	4	0	0	0	0	0	2	0	0	0	0	0	0	0	8	0	1	2	0	1	0	0	0	0	0	0	0	0	0	288	0	0	0	0	0	0	0	2	0	0	0	0	0	0	0	0	0	0	0	
非法[制造、买卖、运输、邮寄、储存][枪支、弹药、爆炸物]	0	0	0	0	0	0	1	0	0	0	0	0	0	0	0	0	0	0	0	0	0	0	0	0	0	0	0	0	0	0	2	0	0	0	0	0	0	0	0	0	0	0	0	0	0	0	0	1	0	0	0	0	0	0	6	0	0	0	0	0	0	0	0	0	0	0	0	0	0	0	0	0	0	1	0	0	0	0	1	0	335	53	0	0	0	0	0	0	0	0	0	0	0	1	0	3	0	0	0	
非法[持有、私藏][枪支、弹药]	0	1	0	0	0	0	0	0	0	0	0	0	0	0	0	6	0	1	0	0	0	0	0	0	0	0	0	0	0	1	2	1	0	0	0	0	0	4	0	0	0	0	0	0	0	0	0	7	3	0	3	0	0	0	0	0	0	0	0	4	0	0	0	0	0	0	0	0	0	0	0	0	1	1	0	0	0	0	0	0	37	400	0	1	0	0	0	0	0	0	2	1	0	3	0	1	0	0	0	
非法[收购、运输、加工、出售][国家重点保护植物、国家重点保护植物制品]	0	0	0	0	0	0	0	0	0	0	0	0	0	0	0	0	0	0	0	0	0	0	0	0	0	0	0	0	0	0	0	0	0	0	0	0	0	0	0	0	0	0	0	0	0	0	0	0	0	0	0	0	0	0	0	0	0	0	0	0	0	0	0	0	0	0	0	0	0	0	0	0	0	0	0	0	0	0	0	0	0	0	64	0	0	22	0	0	0	0	0	0	0	0	0	0	0	0	0	
非法[猎捕、杀害][珍贵、濒危]野生动物	0	0	0	0	0	0	0	0	0	0	0	0	0	0	0	0	0	0	0	0	0	0	0	0	0	0	0	0	0	0	0	0	0	0	0	0	0	0	0	0	0	0	0	0	0	0	0	0	2	0	0	0	0	0	0	0	0	0	0	0	0	0	0	0	0	0	0	0	0	0	0	0	0	0	0	0	0	0	0	0	0	1	0	73	0	0	0	0	0	0	0	0	0	1	0	0	0	0	0	
非法[转让、倒卖]土地使用权	0	0	0	0	0	0	0	0	0	0	0	0	0	0	0	0	0	0	0	0	0	0	0	1	0	0	1	0	0	0	0	0	0	0	0	0	0	0	0	0	0	0	0	0	1	0	0	0	0	0	0	0	0	0	0	0	0	0	0	0	0	0	0	0	0	0	0	0	0	1	0	0	0	0	0	0	0	0	0	0	0	0	0	0	58	0	0	3	0	0	0	0	0	0	0	0	0	0	0	
非法[采伐、毁坏]国家重点保护植物	0	0	0	0	0	0	0	0	0	0	0	0	0	0	0	0	0	0	0	0	0	0	0	0	0	0	0	0	0	0	0	0	0	0	0	0	0	0	0	0	0	0	0	0	0	0	0	0	1	0	0	0	0	0	0	0	0	5	0	0	0	0	0	0	0	0	0	0	0	0	0	0	0	0	0	0	0	0	0	0	0	0	11	0	0	284	0	1	0	0	0	0	0	0	0	0	0	0	0	
非法侵入住宅	0	0	0	0	0	0	0	0	0	0	0	0	0	0	0	0	0	0	0	0	0	0	0	0	0	0	0	0	0	1	0	8	0	0	2	0	0	7	0	0	0	0	0	0	0	0	2	2	3	3	0	0	0	0	0	0	0	0	0	29	0	0	0	0	0	1	0	0	0	0	0	0	0	1	0	0	0	0	0	0	0	0	0	0	0	0	184	0	0	0	0	0	0	0	0	0	0	0	0	
非法占用农用地	0	0	0	0	0	0	0	0	0	0	0	0	0	0	0	0	0	0	0	0	0	0	0	0	0	0	0	0	0	0	0	0	0	0	0	0	0	0	0	0	0	1	0	0	0	0	0	0	0	0	0	0	1	0	1	0	2	1	0	0	0	2	0	0	0	0	0	0	0	0	0	0	0	0	0	0	0	0	0	0	0	0	0	0	0	2	0	380	0	0	0	0	0	0	0	0	0	1	1	
非法吸收公众存款	0	1	0	0	0	0	0	0	0	0	0	0	0	1	0	0	0	0	0	1	0	2	0	1	0	0	5	0	0	0	0	0	0	0	0	0	0	0	0	0	0	0	0	0	0	1	0	0	0	0	0	0	0	0	0	0	0	0	0	0	0	0	0	0	0	0	0	0	2	0	0	0	0	0	0	0	0	0	16	1	0	0	0	0	0	0	0	0	343	0	0	0	0	0	0	1	0	0	1	
非法处置[查封、扣押、冻结]的财产	0	0	0	0	0	0	1	0	0	0	0	0	0	0	0	0	0	0	0	0	0	0	0	0	0	0	1	0	0	1	0	0	0	0	0	0	0	0	0	0	6	1	0	0	0	0	0	0	0	0	0	0	0	0	0	0	0	0	0	0	0	0	0	0	0	0	0	0	0	0	0	0	0	0	0	0	0	0	0	0	0	0	0	0	0	0	0	0	0	58	0	0	0	0	0	0	0	0	0	
非法拘禁	0	0	0	0	0	0	2	0	0	0	0	0	0	1	0	5	1	0	0	0	0	0	0	0	0	0	3	0	0	2	6	3	2	0	0	0	0	14	0	0	0	0	0	0	0	0	0	12	0	1	19	0	0	0	0	0	0	1	0	1	0	0	0	6	0	2	0	0	0	0	1	0	0	0	0	0	0	0	0	0	0	0	0	0	0	0	6	0	0	0	281	1	0	0	0	2	0	0	0	
非法持有毒品	0	0	0	0	0	0	0	0	0	0	0	0	0	0	0	218	0	0	0	0	0	0	0	0	0	0	0	0	0	0	15	0	0	0	0	0	0	2	0	0	0	0	0	0	0	0	0	0	0	1	0	0	0	0	0	0	0	0	0	2	0	0	0	0	0	0	0	0	0	0	0	0	0	0	0	0	0	0	0	0	0	10	0	0	0	0	0	0	0	0	1	268	0	0	0	0	0	0	0	
非法捕捞水产品	0	0	0	0	0	0	0	0	0	0	0	0	0	0	0	0	0	0	0	0	0	0	0	0	0	0	0	0	0	0	0	0	0	0	0	0	0	0	0	0	0	0	0	0	0	0	0	0	0	0	0	0	0	0	0	0	0	0	0	0	0	0	0	0	0	0	0	0	0	0	0	0	0	0	0	0	0	0	0	0	0	0	0	0	0	0	0	0	0	0	0	0	132	0	0	0	0	0	0	
非法狩猎	0	0	0	0	0	0	0	0	0	0	0	0	0	0	0	0	0	0	0	0	0	0	0	0	0	0	0	0	0	0	0	0	0	0	0	0	1	0	0	0	0	0	0	0	0	0	0	0	0	0	0	0	0	0	0	0	0	0	0	0	0	0	0	0	0	0	0	0	0	0	0	0	0	0	0	0	0	0	0	0	0	1	0	5	0	0	0	0	0	0	0	0	0	261	0	0	0	0	0	
非法种植毒品原植物	0	0	0	0	0	0	0	0	0	0	0	0	0	0	0	0	0	0	0	0	0	0	0	0	0	0	0	0	0	0	0	0	0	0	0	0	0	0	0	0	0	0	0	0	0	0	0	0	0	0	0	0	0	0	0	0	0	0	0	0	0	0	0	0	0	0	0	0	0	0	0	0	0	0	0	0	0	0	0	0	0	0	0	0	0	0	0	0	0	0	0	0	0	0	350	0	0	0	0	
非法经营	0	0	1	1	0	0	1	1	1	22	9	0	0	0	3	0	0	0	0	1	6	2	3	6	0	0	4	0	1	0	0	0	9	0	0	0	0	0	0	0	0	0	0	0	1	1	1	0	0	0	2	1	0	0	0	0	0	0	0	1	0	1	0	0	0	0	0	3	0	0	23	0	0	0	0	0	0	1	3	0	0	1	0	0	0	0	0	0	3	0	2	0	0	0	0	368	0	0	0	
非法行医	0	0	0	0	0	0	0	0	0	0	1	0	0	0	0	0	0	0	0	0	0	0	0	0	0	0	0	0	0	0	0	0	0	0	0	0	0	0	0	0	0	0	0	0	0	0	0	0	1	0	0	0	0	0	0	0	0	0	0	0	0	0	0	0	0	0	0	0	0	0	0	0	2	2	0	0	0	0	0	0	0	0	0	0	0	0	0	0	0	0	0	0	0	0	0	0	351	0	0	
非法采矿	0	0	0	0	0	0	0	0	0	0	0	0	0	0	0	0	0	0	0	1	0	0	0	1	0	0	0	0	0	2	0	0	0	0	0	0	0	0	0	0	0	0	0	0	0	0	0	0	0	0	0	0	0	0	0	0	0	0	0	1	0	0	0	0	0	0	0	0	0	0	0	0	0	0	0	1	0	0	0	0	0	0	0	0	0	0	0	2	0	1	0	0	0	0	0	0	0	119	0	
骗取[贷款、票据承兑、金融票证]	0	2	0	0	0	0	0	0	0	0	0	1	0	0	1	0	0	0	0	3	0	4	0	1	0	0	1	0	1	0	0	0	0	0	0	0	0	0	0	0	0	1	0	0	1	1	0	0	0	0	0	0	0	0	0	0	1	0	0	0	0	0	0	0	0	0	0	0	0	0	0	0	0	0	0	0	1	0	0	0	0	0	0	0	0	0	0	0	2	0	0	0	0	0	0	0	0	0	337	
